[gd_scene load_steps=2 format=3 uid="uid://bktf070mnebyj"]

[ext_resource type="PackedScene" uid="uid://cpwxhdddf3tnu" path="res://Szenen/schweissbar.tscn" id="2_x7hf6"]

[node name="Level 1" type="Node3D"]
transform = Transform3D(0.999632, 0.0196336, -0.0187401, -0.0196303, 0.999807, 0.00036801, 0.0187437, 0, 0.999825, 0, 0, 0)

[node name="Schweissflaeche2" parent="." instance=ExtResource("2_x7hf6")]
transform = Transform3D(0.945407, -0.325891, 0.00102345, 0.325891, 0.945388, -0.00610946, 0.00102343, 0.00610947, 0.99998, -0.291018, 0.066471, 0.0573598)
breite = 0.076
"länge" = 0.5

[node name="Label3D" type="Label3D" parent="."]
transform = Transform3D(-0.00397532, 0.22765, -0.973735, -0.0148545, 0.973622, 0.227684, 0.999881, 0.0153695, -0.000488793, -0.186843, 0.145889, 0.057855)
pixel_size = 0.002
text = "Hier kann geschweißt werden!"
